# ID Naïve Ours Reduction
62a846fd7744477726438014 7516 15 0.998004258
62a844f177444777264376fd 17153 32 0.998134437
62a84640d6a8bd0ea05785af 18085 54 0.9970141
62a84702d6a8bd0ea05787d2 16650 26 0.998438438
62a84cfd9363fc9f2819ee17 18221 31 0.998298666
62a84e3f9363fc9f2819f348 8079 17 0.997895779
62a8469d7744477726437e41 16556 26 0.998429572
62a84503774447772643774f 18288 31 0.998304899
62a872ee9363fc9f281b0bee 15260 20 0.998689384
62a84e259363fc9f2819f2d1 18453 27 0.998536823
62a8453c7744477726437851 7003 14 0.998000857
62a846d67744477726437f62 16302 43 0.997362287
62a847757744477726438228 7698 15 0.998051442
62a84763d6a8bd0ea0578908 16205 28 0.998272138
62a84ddb9363fc9f2819f1ab 15781 27 0.998289082
62a8452577444777264377fb 16204 14 0.999136016
62a845f87744477726437b98 16279 27 0.998341421
62a84e579363fc9f2819f3bd 7691 14 0.998179691
62a848e27744477726438781 23567 59 0.997496499
62a84502774447772643774d 14251 23 0.998386078
62a84d709363fc9f2819efdf 8581 31 0.996387367
62a845767744477726437967 16309 35 0.997853946
62a8472877444777264380c4 16310 27 0.998344574
62a845c17744477726437a72 10871 13 0.998804158
62a846157744477726437c04 14441 29 0.997991829
62a846d07744477726437f44 18318 45 0.9975434
62a84d379363fc9f2819eed6 17469 27 0.998454405
62a8466c7744477726437d50 11314 97 0.991426551
62a84ba69363fc9f2819e8af 16294 33 0.997974715
62a846a47744477726437e72 16935 15 0.99911426
62a84ea99363fc9f2819f548 16126 39 0.997581545
62a8455a77444777264378f2 16276 41 0.997480954
62a846ff7744477726438020 7950 15 0.998113208
62a845fcd6a8bd0ea05784f5 16793 42 0.997498958
62a846567744477726437d07 18175 31 0.99829436
62a84dba9363fc9f2819f11a 16280 36 0.997788698
62a88a68e30161692b6764e8 3408 7 0.997946009
62a847017744477726438026 16714 17 0.998982889
62a8452377444777264377cd 16656 29 0.998258886
62a84dc79363fc9f2819f165 18531 26 0.998596946
62a85fc39363fc9f281a4cc2 8459 17 0.997990306
62a855559363fc9f281a1823 9339 27 0.997108898
62a85ea79363fc9f281a46dc 19504 98 0.99497539
62a85f719363fc9f281a4ac3 20781 28 0.998652615
62a853f99363fc9f281a10ab 9620 55 0.994282744
62a851c69363fc9f281a03ea 292 8 0.97260274
62a85a209363fc9f281a2eba 7935 15 0.998109641
62a850279363fc9f2819fbb5 16112 47 0.99708292
62a851eb9363fc9f281a04dc 217 6 0.97235023
62a8500e9363fc9f2819fb4e 4237 3 0.999291952
62a853789363fc9f281a0e2b 16174 27 0.998330654
62a85c409363fc9f281a39ca 16002 30 0.998125234
62a855d69363fc9f281a1a22 15898 28 0.998238772
62a859709363fc9f281a2b78 15991 30 0.998123945
62a853c99363fc9f281a0fc7 16132 43 0.99733449
62a8528d9363fc9f281a08ef 463 8 0.982721382
62a85e209363fc9f281a43ba 18404 26 0.998587264
62a8560a9363fc9f281a1b36 353 8 0.97733711
62a8545f9363fc9f281a1337 16253 16 0.999015566
62a854289363fc9f281a11bb 16391 37 0.997742664
62a85cd39363fc9f281a3ccf 408 3 0.992647059
62a852ef9363fc9f281a0b4e 19041 26 0.998634525
62a85c2f9363fc9f281a3968 34287 38 0.998891708
62a857609363fc9f281a2167 7682 29 0.996224941
62a856989363fc9f281a1dc3 10231 15 0.998533868
62a858329363fc9f281a2519 18912 15 0.999206853
62a859ae9363fc9f281a2cab 16042 29 0.998192245
62a85a829363fc9f281a30c2 16510 80 0.995154452
62a850729363fc9f2819fcfb 8008 14 0.998251748
62a855919363fc9f281a1924 258 4 0.984496124
62a854c79363fc9f281a156d 16236 58 0.996427692
62a858659363fc9f281a2619 7717 88 0.988596605
62a8507d9363fc9f2819fd2d 18836 48 0.997451688
62a854959363fc9f281a145d 475 5 0.989473684
62a8545b9363fc9f281a1316 209 4 0.980861244
62a852299363fc9f281a065b 14185 36 0.997462108
62a856139363fc9f281a1b6b 19050 48 0.997480315
62a884e4e30161692b67479d 6470 7 0.998918083
62a85af19363fc9f281a3321 20294 21 0.998965211
62a850c89363fc9f2819fea8 353 8 0.97733711
62a84e27e30161692b660ecf 5833 27 0.995371164
62a85bae9363fc9f281a36c4 7689 15 0.998049161
62a84ec79363fc9f2819f5b9 327 3 0.990825688
62a85d709363fc9f281a401f 17792 26 0.998538669
62a84f029363fc9f2819f6a8 22247 26 0.998831303
62a854d59363fc9f281a15a8 13487 45 0.996663454
62a85c439363fc9f281a39d2 20769 97 0.995329578
62a859819363fc9f281a2bc7 7976 15 0.998119358
62a85b2a9363fc9f281a342f 9613 21 0.997815458
62a851d49363fc9f281a0414 212 6 0.971698113
62a85df19363fc9f281a42c7 16368 48 0.997067449
62a85b519363fc9f281a34cd 7936 26 0.99672379
62a856909363fc9f281a1d95 15970 49 0.996931747
62a852a89363fc9f281a09bb 353 8 0.97733711
62a85b419363fc9f281a347a 9080 15 0.998348018
62a85c839363fc9f281a3b22 49363 40 0.999189676
62a863dee30161692b6696fd 8308 22 0.99735195
62a85f5c9363fc9f281a4a59 18549 27 0.998544396
62a854599363fc9f281a130c 18508 26 0.998595202
62a85c439363fc9f281a39d0 16322 33 0.997978189
62a851f39363fc9f281a050a 217 6 0.97235023
62a86fdee30161692b66d762 6629 11 0.998340625
62a8554d9363fc9f281a17e9 18040 30 0.998337029
62a856899363fc9f281a1d7a 16498 35 0.997878531
62a855099363fc9f281a16bc 17362 57 0.996716968
62a85f9f9363fc9f281a4bde 14895 42 0.997180262
62a852339363fc9f281a06a2 194 4 0.979381443
62a85dd19363fc9f281a423a 18036 64 0.996451541
62a853219363fc9f281a0c76 16087 15 0.99906757
62a859029363fc9f281a298d 8912 48 0.994614004
62a857b19363fc9f281a22c7 10083 16 0.998413171
62a858ff9363fc9f281a2972 17943 18 0.998996823
62a855db9363fc9f281a1a36 353 8 0.97733711
62a85f799363fc9f281a4af4 45789 19 0.999585053
62a85ab19363fc9f281a31cb 15811 16 0.998988046
62a852e29363fc9f281a0aee 9542 13 0.998637602
62a85c099363fc9f281a38a9 16281 36 0.997788834
62a858739363fc9f281a264c 20145 75 0.996276992
62a85b009363fc9f281a3367 8103 30 0.996297668
62a85ee39363fc9f281a4816 8445 15 0.998223801
62a863dc9363fc9f281a731b 8055 13 0.998386096
62a87c499363fc9f281b56d6 9485 14 0.998523985
62a879989363fc9f281b40e2 4815 16 0.996677051
62a86d299363fc9f281ad467 5963 31 0.994801275
62a8a806e30161692b684027 14430 21 0.998544699
62a85b1ae30161692b665870 5039 29 0.99424489
62a8a383e30161692b681d14 6937 18 0.997405218
62a88fae9363fc9f281bfc87 5963 25 0.995807479
62a8aa09e30161692b684e0d 8078 23 0.997152761
62a898d9e30161692b67c8cc 5963 14 0.997652188
62a8900c9363fc9f281bfee4 8123 21 0.997414748
62a872679363fc9f281b074d 3535 13 0.996322489
62a8aaa1e30161692b6852de 5833 19 0.996742671
62a8b40ae30161692b68a181 5835 19 0.996743787
62a864459363fc9f281a78c7 5833 17 0.997085548
62a895b4e30161692b67b421 5833 17 0.997085548
62a87ced9363fc9f281b5c58 6890 16 0.997677794
62a89b2fe30161692b67dcdc 5833 19 0.996742671
62a897099363fc9f281c3c10 8459 16 0.998108523
62a896889363fc9f281c3633 8348 15 0.998203162
62a8b59fe30161692b68af36 7658 36 0.995299034
62a86c909363fc9f281acd9d 16272 27 0.998340708
62a8aed0e30161692b68787c 28735 26 0.99909518
62a889cbe30161692b676177 16772 15 0.999105652
62a87298e30161692b66e725 12551 30 0.997609752
62a866e5e30161692b66a72b 5173 20 0.996133772
62a8bfe7e30161692b68f3ba 5833 27 0.995371164
62a8805c9363fc9f281b799c 8423 17 0.997981717
62a888129363fc9f281bc097 4651 16 0.99655988
62a88356e30161692b673f18 5833 15 0.997428424
62a889239363fc9f281bc977 19985 38 0.998098574
62a875839363fc9f281b20e5 10655 25 0.997653684
62a8b6bbe30161692b68b7c2 8958 19 0.997878991
62a86a739363fc9f281ab722 5963 17 0.997149086
62a889f39363fc9f281bd1c0 18620 100 0.994629431
62a88eab9363fc9f281bf607 4863 13 0.997326753
62a8b6c8e30161692b68b820 8862 56 0.993680885
62a8b03de30161692b688347 5833 23 0.996056918
62a873989363fc9f281b118a 18352 38 0.997929381
62a852b1e30161692b6627a7 14479 16 0.998894951
62a85cd9e30161692b6661ce 9407 34 0.99638567
62a8b8cee30161692b68c3f2 6807 14 0.997943294
62a86c3e9363fc9f281ac9bf 4190 20 0.99522673
62a8a7b9e30161692b683df2 6937 14 0.997981837
62a93f2f1e89b3f4f2c0392d 57683 37 0.999358563
62a881999363fc9f281b8576 15308 76 0.995035276
62a87a0b9363fc9f281b4434 5963 18 0.996981385
62a871c99363fc9f281b01f7 8215 30 0.996348144
62a870699363fc9f281af476 12929 26 0.997989017
62a8b5e2e30161692b68b124 5833 21 0.996399794
62a88e229363fc9f281bf125 5833 17 0.997085548
62a8a4d9e30161692b682b31 30470 24 0.99921234
62a8be14e30161692b68e85e 4807 16 0.996671521
62a894399363fc9f281c1eb3 4781 15 0.996862581
62a86146e30161692b668616 8459 38 0.995507743
62a8bc47e30161692b68dd54 5963 16 0.997316787
62a87ff19363fc9f281b76b3 15953 45 0.997179214
62a89dcde30161692b67f323 5833 16 0.997256986
62a873e29363fc9f281b1405 9554 21 0.997801968
62a86ed29363fc9f281ae2dd 7934 22 0.997227124
62a8a877e30161692b684360 5963 17 0.997149086
62a89282e30161692b679934 7404 16 0.997839006
62a9440de4d30af0fb904ae6 11816 38 0.996784022
62a87049e30161692b66d9af 4651 16 0.99655988
62a86b21e30161692b66beb9 2827 13 0.995401486
62a870319363fc9f281af103 4375 13 0.997028571
62a866849363fc9f281a919f 5963 20 0.996645984
62a887499363fc9f281bb9f4 5963 19 0.996813684
62a865bf9363fc9f281a8a42 5833 29 0.995028287
62a85f99e30161692b667811 4597 15 0.996737002
62a86da49363fc9f281ad915 8459 16 0.998108523
62a86e6e9363fc9f281adf27 5963 15 0.997484488
62a893529363fc9f281c187e 3653 13 0.996441281
62a868d99363fc9f281aa9a6 14494 15 0.998965089
62a94a36e4d30af0fb908a2f 15368 85 0.994469027
62a8ac5de30161692b68625e 5833 17 0.997085548
62a892a6e30161692b679a8c 5833 14 0.997599863
62a8b559e30161692b68ac2c 10860 67 0.993830571
62a85828e30161692b6645cf 5833 17 0.997085548
62a86e949363fc9f281ae028 5963 21 0.996478283
62a940fa1e89b3f4f2c03b79 18772 26 0.998614958
62a898fce30161692b67c9e4 5833 21 0.996399794
62a8abf9e30161692b685f30 5963 17 0.997149086
62a8a175e30161692b680b99 12912 13 0.998993185
62a864949363fc9f281a7ca8 5963 19 0.996813684
62a897f9e30161692b67c2b5 5833 27 0.995371164
62a94adfe4d30af0fb9092b9 7288 73 0.989983535
62a85150e30161692b661f03 4398 16 0.996361983
62a898aa9363fc9f281c4937 16290 26 0.998403929
62a93a06e4d30af0fb901c62 16268 27 0.9983403
62a8bfb9e30161692b68f256 4948 20 0.995957963
62a8b404e30161692b68a13d 8352 19 0.997725096
62a944f9e4d30af0fb904fa8 14359 23 0.998398217
62a872d59363fc9f281b0b23 6711 25 0.996274773
62a88c99e30161692b677266 10131 37 0.996347843
62a86a959363fc9f281ab847 5833 14 0.997599863
62a8b8c1e30161692b68c3b4 19855 30 0.998489046
62a8a94ee30161692b684896 5963 18 0.996981385
62a8c315e30161692b6907c0 8105 15 0.998149291
62a870ac9363fc9f281af7da 8207 18 0.99780675
62a8670a9363fc9f281a96fa 8571 15 0.998249912
62a861979363fc9f281a5ba8 11881 46 0.996128272
62a89c2ce30161692b67e5bb 5833 17 0.997085548
62a86b4ee30161692b66bfaa 7576 15 0.998020063
62a86a8b9363fc9f281ab7ed 19740 104 0.99473151
62a8a3abe30161692b681ead 10459 24 0.997705326
62a8a8f7e30161692b684678 6937 16 0.997693527
62a8bcd8e30161692b68e189 5833 17 0.997085548
62a8591ae30161692b664b88 4706 15 0.99681258
62a877d2e30161692b670235 4940 17 0.996558704
62a8774de30161692b66fe9b 7558 30 0.996030696
62a8868de30161692b675132 5963 16 0.997316787
62a879bd9363fc9f281b41ce 20998 27 0.998714163
62a8731c9363fc9f281b0d76 5833 16 0.997256986
62a88ddf9363fc9f281bef00 10905 15 0.998624484
62a8897ae30161692b675fbb 7992 18 0.997747748
62a865789363fc9f281a877a 12849 21 0.998365632
62a8ad19e30161692b686914 5833 17 0.997085548
62a8a3f6e30161692b68216d 7003 22 0.996858489
62a8ab22e30161692b685702 5963 15 0.997484488
62a895b49363fc9f281c2cd6 8713 15 0.998278435
62a86459e30161692b669979 8088 15 0.998145401
62a8ae4ee30161692b68739d 5833 21 0.996399794
62a872ffe30161692b66e942 9554 20 0.997906636
62a89f02e30161692b67fbd9 6937 16 0.997693527
62a88a949363fc9f281bd6e6 8459 30 0.996453481
62a85d67e30161692b66667b 4706 18 0.996175096
62a8980d9363fc9f281c4488 5963 14 0.997652188
62a93f81e4d30af0fb903514 10157 14 0.99862164
62a93bade4d30af0fb9023e6 14165 31 0.997811507
62a86b33e30161692b66bf14 6960 17 0.997557471
62a946d4e4d30af0fb9060bd 7464 16 0.997856377
62a870069363fc9f281aee93 2923 8 0.997263086
62a87f6a9363fc9f281b72e9 9946 39 0.996078826
62a8afb8e30161692b687fb6 6505 13 0.998001537
62a89967e30161692b67cd8b 5963 19 0.996813684
62a8b42ae30161692b68a24e 10905 17 0.998441082
62a89874e30161692b67c5d4 5963 17 0.997149086
62a88efa9363fc9f281bf869 5963 19 0.996813684
62a88dd89363fc9f281beec6 7769 15 0.99806925
62a86dd39363fc9f281ada9e 9485 25 0.997364259
62a89b27e30161692b67dc9d 2802 13 0.995360457
62a93d24e4d30af0fb902aa4 8371 38 0.995460518
62a93a6be4d30af0fb901e3f 8037 17 0.997884783
62a86d5d9363fc9f281ad65e 8589 15 0.99825358
62a8a3d1e30161692b682039 6580 27 0.995896657
62a8c2b5e30161692b69052b 5833 17 0.997085548
62a8a565e30161692b682fb6 5963 17 0.997149086
62a890a19363fc9f281c02f8 4651 21 0.995484842
62a88227e30161692b6738f1 21143 27 0.998722982
62a86291e30161692b668fa5 4744 17 0.996416526
62a892b19363fc9f281c13b2 8051 15 0.998136877
62a88b739363fc9f281bdc9d 4651 14 0.996989895
62a896949363fc9f281c36a4 8185 25 0.996945632
62a886c59363fc9f281bb4f2 6264 14 0.997765006
62a85c8fe30161692b666045 8971 29 0.996767361
62a87ece9363fc9f281b6d91 8495 20 0.997645674
62a89cdee30161692b67eba6 6937 15 0.997837682
62a86e8c9363fc9f281adfe7 5963 15 0.997484488
62a86fc99363fc9f281aec29 5321 21 0.996053373
62a86d21e30161692b66c972 8332 26 0.996879501
62a879ca9363fc9f281b4222 11691 33 0.997177316
62a89184e30161692b679078 5963 14 0.997652188
62a857d0e30161692b6643e9 8480 52 0.993867925
62a93767e4d30af0fb90106c 15909 60 0.99622855
62a9472ee4d30af0fb9064eb 8082 14 0.998267756
62a890dce30161692b678aaa 4410 11 0.997505669
62a9474be4d30af0fb906693 14359 23 0.998398217
62a86c909363fc9f281acdc2 9206 21 0.997718879
62a85bf3e30161692b665d38 4706 17 0.99638759
62a87a6be30161692b670f33 8016 22 0.997255489
62a8844ce30161692b67445a 8535 16 0.998125366
62a863fd9363fc9f281a7489 3411 21 0.993843448
62a898c89363fc9f281c4a3c 8528 21 0.997537523
62a897139363fc9f281c3c88 8103 14 0.998272245
62a8839f9363fc9f281b9aac 15494 52 0.996643862
62a9482fe4d30af0fb906f92 8226 14 0.998298079
62a89a3ee30161692b67d415 15040 43 0.997140957
62a890ece30161692b678b1f 10871 22 0.997976267
62a8b2b2e30161692b6894a6 7795 18 0.997690827
62a87cab9363fc9f281b59bc 4292 15 0.996505126
62a864859363fc9f281a7bf8 9240 41 0.995562771
62a852b1e30161692b6627af 10318 23 0.997770886
62a93b13e4d30af0fb902123 15959 29 0.998182844
62a8b317e30161692b6897e6 21629 17 0.999214018
62a888039363fc9f281bc01f 8200 17 0.997926829
62a947b0e4d30af0fb9069b9 17051 48 0.997184916
62a890609363fc9f281c011d 4651 17 0.996344872
62a8803a9363fc9f281b788b 12118 14 0.998844694
62a8b26ae30161692b689291 5833 18 0.996914109
62a8aadde30161692b685509 7913 57 0.992796664
62a874df9363fc9f281b1c57 19445 26 0.998662895
62a891cde30161692b679294 5963 17 0.997149086
62a8b3e5e30161692b68a00c 8222 20 0.997567502
62a862df9363fc9f281a684a 9240 39 0.995779221
62a87e459363fc9f281b68df 18121 28 0.998454831
62a88c339363fc9f281be1bd 9692 28 0.997111019
62a89d51e30161692b67ef11 5963 19 0.996813684
62a874689363fc9f281b18c7 7707 15 0.998053717
62a88213e30161692b673870 9481 19 0.997995992
62a87b40e30161692b6712ea 8033 13 0.998381676
62a85608e30161692b663a6f 7768 71 0.990859938
62a87e759363fc9f281b6aa2 7712 15 0.998054979
62a865499363fc9f281a858b 4280 13 0.996962617
62a94a5ce4d30af0fb908c52 14489 16 0.998895714
62a8a16fe30161692b680b64 8092 21 0.997404844
62a8b255e30161692b689205 4278 14 0.996727443
62a88f1f9363fc9f281bf948 8007 25 0.996877732
62a892ede30161692b679ce6 5833 17 0.997085548
62a86c059363fc9f281ac7af 8176 13 0.99840998
62a867779363fc9f281a9b38 6860 15 0.997813411
62a890d8e30161692b678a7c 7452 18 0.997584541
62a948ffe4d30af0fb907929 14671 14 0.999045736
62a947cbe4d30af0fb906b31 16464 24 0.998542274
62a87975e30161692b670acb 8393 19 0.997736209
62a8b2fee30161692b689704 17787 33 0.998144712
62a86c209363fc9f281ac87d 5284 28 0.994700984
62a8aa7ce30161692b6851cc 7003 16 0.997715265
62a876489363fc9f281b26c4 26155 13 0.999502963
62a8964c9363fc9f281c333a 16353 17 0.998960435
62a8a6bce30161692b683827 8279 30 0.996376374
62a9482ae4d30af0fb906f4b 28646 113 0.996055296
62a93a8ee4d30af0fb901eb9 16039 29 0.998191907
62a88723e30161692b675493 5833 16 0.997256986
62a8c182e30161692b68fd5e 5833 27 0.995371164
62a8a6cfe30161692b683883 12540 26 0.997926635
62a869dd9363fc9f281ab28d 3316 11 0.99668275
62a88d2e9363fc9f281be979 5833 18 0.996914109
62a8901fe30161692b6784ec 5833 23 0.996056918
62a8bc6ae30161692b68de74 8357 29 0.996529855
62a873b9e30161692b66ecad 8956 15 0.998325145
62a8ab50e30161692b685865 2802 13 0.995360457
62a893329363fc9f281c1791 16195 18 0.998888546
62a863349363fc9f281a6bf7 20627 73 0.996460949
62a936fae4d30af0fb900e7a 10243 30 0.997071171
62a869369363fc9f281aad18 12202 15 0.998770693
62a86761e30161692b66aa07 16227 36 0.997781475
62a87def9363fc9f281b6609 4973 30 0.993967424
62a94a63e4d30af0fb908ccc 10974 22 0.997995262
62a8a9c2e30161692b684bd9 5833 29 0.995028287
62a8850f9363fc9f281ba7f9 4868 23 0.995275267
62a88f019363fc9f281bf899 19439 34 0.998250939
62a89c03e30161692b67e418 9294 23 0.997525285
62a87dbd9363fc9f281b64a3 8103 36 0.995557201
62a862319363fc9f281a6263 5963 17 0.997149086
62a8819c9363fc9f281b85a8 18599 27 0.998548309
62a878309363fc9f281b3664 2923 8 0.997263086
62a88015e30161692b672e74 11315 19 0.998320813
62a87e939363fc9f281b6b8b 4724 15 0.996824725
62a894afe30161692b67ab8e 5833 17 0.997085548
62a87ee39363fc9f281b6e55 15956 21 0.998683881
62a8a42ce30161692b682334 6807 18 0.997355663
62a89958e30161692b67cd03 5833 18 0.996914109
62a851e7e30161692b6622e8 7978 16 0.997994485
62a8b32ee30161692b6898c6 2932 13 0.995566166
62a8ab88e30161692b685ad7 5833 26 0.995542602
62a88e2ce30161692b6779fe 5963 18 0.996981385
62a86eb89363fc9f281ae155 7782 23 0.997044462